10
2
1
0.972760701896002345603930519031368327668276381351167
1.201167348517323253502323393657366776176071904376477
2
1
0.829909376095191291708455559412842697355418021457797
1.209248323630509946121661402390259849834512261713978
2
1
0.555332673493712612372864351733316558503873451077458
1.225469879603178547344390919917398976520861142513788
2
1
0.17159181056870229812463735086499563380335667184994
1.249933493757660136251636120040967788385668180411564
2
1
-0.286926832680325768607049943514249058455589913831256
1.281290933419277461852678296383183405247011746777922
2
1
-0.732544644628830268909097097082406106146787572570926
1.285781073325536547133440701089218586672418573764399
2
1
-1.2188101846001101400803171090210661582576496405610611
1.9378073050479690615278699810223554826762923507411476
2
1
-4.51018025481488913966941115837924235164705522049953634
6.57657566624022740602748064333406861459141572408199143
2
1
-0.9362356673700342611121987625027647077078793498878529
1.1995301058518218967952217142105774326924044501122352
2
1
-0.9883321364663156417485609430104106594165344878359922
1.06448744700141038528952510373415573150648248432275696