10
2
1
0.74808096226033446561220502886765992877711813393
1.04166265981058981589249603789035966614554521429
2
1
0.7836732151175382242536468972007744275101253985
1.13264380395927228614133210408672032522105608321
2
1
0.8267830371250429022185089107886197182876704446
1.251191891940015394583002157066435481848233474
2
1
0.867775108239185597235039451815805577320212632
1.38882758937802988493842367001750949256329618
2
1
0.896083770662207040046933759709208725567089195
1.537683455168526951455302583753342203371504732
2
1
0.90159250109221348467993373556257487242251924
1.68887303130319642542215490974023910218279185
2
1
-1583.319260543343948766163672114688340787718179438257299079
1664.926276830687464521724454858338382719042940692135972291
2
1
-29.1808509220047332155735693128367291165606996445822093
42.1682711691791777970625914437718851268695422111010251
2
1
-2.4113068542598471556892893218166701383532782867174
8.1052515502507587963920274833562662400534013345855
2
1
0.5411882448382598934156563642173577091238918373
2.8135246474924215253258818031294887448905875756